
1250
(
(0 0.03 0.03)
(0 0.09 0.03)
(0 0.15 0.03)
(0 0.21 0.03)
(0 0.27 0.03)
(0 0.33 0.03)
(0 0.39 0.03)
(0 0.45 0.03)
(0 0.51 0.03)
(0 0.57 0.03)
(0 0.63 0.03)
(0 0.69 0.03)
(0 0.75 0.03)
(0 0.81 0.03)
(0 0.87 0.03)
(0 0.93 0.03)
(0 0.99 0.03)
(0 1.05 0.03)
(0 1.11 0.03)
(0 1.17 0.03)
(0 1.23 0.03)
(0 1.29 0.03)
(0 1.35 0.03)
(0 1.41 0.03)
(0 1.47 0.03)
(0 1.53 0.03)
(0 1.59 0.03)
(0 1.65 0.03)
(0 1.71 0.03)
(0 1.77 0.03)
(0 1.83 0.03)
(0 1.89 0.03)
(0 1.95 0.03)
(0 2.01 0.03)
(0 2.07 0.03)
(0 2.13 0.03)
(0 2.19 0.03)
(0 2.25 0.03)
(0 2.31 0.03)
(0 2.37 0.03)
(0 2.43 0.03)
(0 2.49 0.03)
(0 2.55 0.03)
(0 2.61 0.03)
(0 2.67 0.03)
(0 2.73 0.03)
(0 2.79 0.03)
(0 2.85 0.03)
(0 2.91 0.03)
(0 2.97 0.03)
(0 0.03 0.09)
(0 0.09 0.09)
(0 0.15 0.09)
(0 0.21 0.09)
(0 0.27 0.09)
(0 0.33 0.09)
(0 0.39 0.09)
(0 0.45 0.09)
(0 0.51 0.09)
(0 0.57 0.09)
(0 0.63 0.09)
(0 0.69 0.09)
(0 0.75 0.09)
(0 0.81 0.09)
(0 0.87 0.09)
(0 0.93 0.09)
(0 0.99 0.09)
(0 1.05 0.09)
(0 1.11 0.09)
(0 1.17 0.09)
(0 1.23 0.09)
(0 1.29 0.09)
(0 1.35 0.09)
(0 1.41 0.09)
(0 1.47 0.09)
(0 1.53 0.09)
(0 1.59 0.09)
(0 1.65 0.09)
(0 1.71 0.09)
(0 1.77 0.09)
(0 1.83 0.09)
(0 1.89 0.09)
(0 1.95 0.09)
(0 2.01 0.09)
(0 2.07 0.09)
(0 2.13 0.09)
(0 2.19 0.09)
(0 2.25 0.09)
(0 2.31 0.09)
(0 2.37 0.09)
(0 2.43 0.09)
(0 2.49 0.09)
(0 2.55 0.09)
(0 2.61 0.09)
(0 2.67 0.09)
(0 2.73 0.09)
(0 2.79 0.09)
(0 2.85 0.09)
(0 2.91 0.09)
(0 2.97 0.09)
(0 0.03 0.15)
(0 0.09 0.15)
(0 0.15 0.15)
(0 0.21 0.15)
(0 0.27 0.15)
(0 0.33 0.15)
(0 0.39 0.15)
(0 0.45 0.15)
(0 0.51 0.15)
(0 0.57 0.15)
(0 0.63 0.15)
(0 0.69 0.15)
(0 0.75 0.15)
(0 0.81 0.15)
(0 0.87 0.15)
(0 0.93 0.15)
(0 0.99 0.15)
(0 1.05 0.15)
(0 1.11 0.15)
(0 1.17 0.15)
(0 1.23 0.15)
(0 1.29 0.15)
(0 1.35 0.15)
(0 1.41 0.15)
(0 1.47 0.15)
(0 1.53 0.15)
(0 1.59 0.15)
(0 1.65 0.15)
(0 1.71 0.15)
(0 1.77 0.15)
(0 1.83 0.15)
(0 1.89 0.15)
(0 1.95 0.15)
(0 2.01 0.15)
(0 2.07 0.15)
(0 2.13 0.15)
(0 2.19 0.15)
(0 2.25 0.15)
(0 2.31 0.15)
(0 2.37 0.15)
(0 2.43 0.15)
(0 2.49 0.15)
(0 2.55 0.15)
(0 2.61 0.15)
(0 2.67 0.15)
(0 2.73 0.15)
(0 2.79 0.15)
(0 2.85 0.15)
(0 2.91 0.15)
(0 2.97 0.15)
(0 0.03 0.21)
(0 0.09 0.21)
(0 0.15 0.21)
(0 0.21 0.21)
(0 0.27 0.21)
(0 0.33 0.21)
(0 0.39 0.21)
(0 0.45 0.21)
(0 0.51 0.21)
(0 0.57 0.21)
(0 0.63 0.21)
(0 0.69 0.21)
(0 0.75 0.21)
(0 0.81 0.21)
(0 0.87 0.21)
(0 0.93 0.21)
(0 0.99 0.21)
(0 1.05 0.21)
(0 1.11 0.21)
(0 1.17 0.21)
(0 1.23 0.21)
(0 1.29 0.21)
(0 1.35 0.21)
(0 1.41 0.21)
(0 1.47 0.21)
(0 1.53 0.21)
(0 1.59 0.21)
(0 1.65 0.21)
(0 1.71 0.21)
(0 1.77 0.21)
(0 1.83 0.21)
(0 1.89 0.21)
(0 1.95 0.21)
(0 2.01 0.21)
(0 2.07 0.21)
(0 2.13 0.21)
(0 2.19 0.21)
(0 2.25 0.21)
(0 2.31 0.21)
(0 2.37 0.21)
(0 2.43 0.21)
(0 2.49 0.21)
(0 2.55 0.21)
(0 2.61 0.21)
(0 2.67 0.21)
(0 2.73 0.21)
(0 2.79 0.21)
(0 2.85 0.21)
(0 2.91 0.21)
(0 2.97 0.21)
(0 0.03 0.27)
(0 0.09 0.27)
(0 0.15 0.27)
(0 0.21 0.27)
(0 0.27 0.27)
(0 0.33 0.27)
(0 0.39 0.27)
(0 0.45 0.27)
(0 0.51 0.27)
(0 0.57 0.27)
(0 0.63 0.27)
(0 0.69 0.27)
(0 0.75 0.27)
(0 0.81 0.27)
(0 0.87 0.27)
(0 0.93 0.27)
(0 0.99 0.27)
(0 1.05 0.27)
(0 1.11 0.27)
(0 1.17 0.27)
(0 1.23 0.27)
(0 1.29 0.27)
(0 1.35 0.27)
(0 1.41 0.27)
(0 1.47 0.27)
(0 1.53 0.27)
(0 1.59 0.27)
(0 1.65 0.27)
(0 1.71 0.27)
(0 1.77 0.27)
(0 1.83 0.27)
(0 1.89 0.27)
(0 1.95 0.27)
(0 2.01 0.27)
(0 2.07 0.27)
(0 2.13 0.27)
(0 2.19 0.27)
(0 2.25 0.27)
(0 2.31 0.27)
(0 2.37 0.27)
(0 2.43 0.27)
(0 2.49 0.27)
(0 2.55 0.27)
(0 2.61 0.27)
(0 2.67 0.27)
(0 2.73 0.27)
(0 2.79 0.27)
(0 2.85 0.27)
(0 2.91 0.27)
(0 2.97 0.27)
(0 0.03 0.33)
(0 0.09 0.33)
(0 0.15 0.33)
(0 0.21 0.33)
(0 0.27 0.33)
(0 0.33 0.33)
(0 0.39 0.33)
(0 0.45 0.33)
(0 0.51 0.33)
(0 0.57 0.33)
(0 0.63 0.33)
(0 0.69 0.33)
(0 0.75 0.33)
(0 0.81 0.33)
(0 0.87 0.33)
(0 0.93 0.33)
(0 0.99 0.33)
(0 1.05 0.33)
(0 1.11 0.33)
(0 1.17 0.33)
(0 1.23 0.33)
(0 1.29 0.33)
(0 1.35 0.33)
(0 1.41 0.33)
(0 1.47 0.33)
(0 1.53 0.33)
(0 1.59 0.33)
(0 1.65 0.33)
(0 1.71 0.33)
(0 1.77 0.33)
(0 1.83 0.33)
(0 1.89 0.33)
(0 1.95 0.33)
(0 2.01 0.33)
(0 2.07 0.33)
(0 2.13 0.33)
(0 2.19 0.33)
(0 2.25 0.33)
(0 2.31 0.33)
(0 2.37 0.33)
(0 2.43 0.33)
(0 2.49 0.33)
(0 2.55 0.33)
(0 2.61 0.33)
(0 2.67 0.33)
(0 2.73 0.33)
(0 2.79 0.33)
(0 2.85 0.33)
(0 2.91 0.33)
(0 2.97 0.33)
(0 0.03 0.39)
(0 0.09 0.39)
(0 0.15 0.39)
(0 0.21 0.39)
(0 0.27 0.39)
(0 0.33 0.39)
(0 0.39 0.39)
(0 0.45 0.39)
(0 0.51 0.39)
(0 0.57 0.39)
(0 0.63 0.39)
(0 0.69 0.39)
(0 0.75 0.39)
(0 0.81 0.39)
(0 0.87 0.39)
(0 0.93 0.39)
(0 0.99 0.39)
(0 1.05 0.39)
(0 1.11 0.39)
(0 1.17 0.39)
(0 1.23 0.39)
(0 1.29 0.39)
(0 1.35 0.39)
(0 1.41 0.39)
(0 1.47 0.39)
(0 1.53 0.39)
(0 1.59 0.39)
(0 1.65 0.39)
(0 1.71 0.39)
(0 1.77 0.39)
(0 1.83 0.39)
(0 1.89 0.39)
(0 1.95 0.39)
(0 2.01 0.39)
(0 2.07 0.39)
(0 2.13 0.39)
(0 2.19 0.39)
(0 2.25 0.39)
(0 2.31 0.39)
(0 2.37 0.39)
(0 2.43 0.39)
(0 2.49 0.39)
(0 2.55 0.39)
(0 2.61 0.39)
(0 2.67 0.39)
(0 2.73 0.39)
(0 2.79 0.39)
(0 2.85 0.39)
(0 2.91 0.39)
(0 2.97 0.39)
(0 0.03 0.45)
(0 0.09 0.45)
(0 0.15 0.45)
(0 0.21 0.45)
(0 0.27 0.45)
(0 0.33 0.45)
(0 0.39 0.45)
(0 0.45 0.45)
(0 0.51 0.45)
(0 0.57 0.45)
(0 0.63 0.45)
(0 0.69 0.45)
(0 0.75 0.45)
(0 0.81 0.45)
(0 0.87 0.45)
(0 0.93 0.45)
(0 0.99 0.45)
(0 1.05 0.45)
(0 1.11 0.45)
(0 1.17 0.45)
(0 1.23 0.45)
(0 1.29 0.45)
(0 1.35 0.45)
(0 1.41 0.45)
(0 1.47 0.45)
(0 1.53 0.45)
(0 1.59 0.45)
(0 1.65 0.45)
(0 1.71 0.45)
(0 1.77 0.45)
(0 1.83 0.45)
(0 1.89 0.45)
(0 1.95 0.45)
(0 2.01 0.45)
(0 2.07 0.45)
(0 2.13 0.45)
(0 2.19 0.45)
(0 2.25 0.45)
(0 2.31 0.45)
(0 2.37 0.45)
(0 2.43 0.45)
(0 2.49 0.45)
(0 2.55 0.45)
(0 2.61 0.45)
(0 2.67 0.45)
(0 2.73 0.45)
(0 2.79 0.45)
(0 2.85 0.45)
(0 2.91 0.45)
(0 2.97 0.45)
(0 0.03 0.51)
(0 0.09 0.51)
(0 0.15 0.51)
(0 0.21 0.51)
(0 0.27 0.51)
(0 0.33 0.51)
(0 0.39 0.51)
(0 0.45 0.51)
(0 0.51 0.51)
(0 0.57 0.51)
(0 0.63 0.51)
(0 0.69 0.51)
(0 0.75 0.51)
(0 0.81 0.51)
(0 0.87 0.51)
(0 0.93 0.51)
(0 0.99 0.51)
(0 1.05 0.51)
(0 1.11 0.51)
(0 1.17 0.51)
(0 1.23 0.51)
(0 1.29 0.51)
(0 1.35 0.51)
(0 1.41 0.51)
(0 1.47 0.51)
(0 1.53 0.51)
(0 1.59 0.51)
(0 1.65 0.51)
(0 1.71 0.51)
(0 1.77 0.51)
(0 1.83 0.51)
(0 1.89 0.51)
(0 1.95 0.51)
(0 2.01 0.51)
(0 2.07 0.51)
(0 2.13 0.51)
(0 2.19 0.51)
(0 2.25 0.51)
(0 2.31 0.51)
(0 2.37 0.51)
(0 2.43 0.51)
(0 2.49 0.51)
(0 2.55 0.51)
(0 2.61 0.51)
(0 2.67 0.51)
(0 2.73 0.51)
(0 2.79 0.51)
(0 2.85 0.51)
(0 2.91 0.51)
(0 2.97 0.51)
(0 0.03 0.57)
(0 0.09 0.57)
(0 0.15 0.57)
(0 0.21 0.57)
(0 0.27 0.57)
(0 0.33 0.57)
(0 0.39 0.57)
(0 0.45 0.57)
(0 0.51 0.57)
(0 0.57 0.57)
(0 0.63 0.57)
(0 0.69 0.57)
(0 0.75 0.57)
(0 0.81 0.57)
(0 0.87 0.57)
(0 0.93 0.57)
(0 0.99 0.57)
(0 1.05 0.57)
(0 1.11 0.57)
(0 1.17 0.57)
(0 1.23 0.57)
(0 1.29 0.57)
(0 1.35 0.57)
(0 1.41 0.57)
(0 1.47 0.57)
(0 1.53 0.57)
(0 1.59 0.57)
(0 1.65 0.57)
(0 1.71 0.57)
(0 1.77 0.57)
(0 1.83 0.57)
(0 1.89 0.57)
(0 1.95 0.57)
(0 2.01 0.57)
(0 2.07 0.57)
(0 2.13 0.57)
(0 2.19 0.57)
(0 2.25 0.57)
(0 2.31 0.57)
(0 2.37 0.57)
(0 2.43 0.57)
(0 2.49 0.57)
(0 2.55 0.57)
(0 2.61 0.57)
(0 2.67 0.57)
(0 2.73 0.57)
(0 2.79 0.57)
(0 2.85 0.57)
(0 2.91 0.57)
(0 2.97 0.57)
(0 0.03 0.63)
(0 0.09 0.63)
(0 0.15 0.63)
(0 0.21 0.63)
(0 0.27 0.63)
(0 0.33 0.63)
(0 0.39 0.63)
(0 0.45 0.63)
(0 0.51 0.63)
(0 0.57 0.63)
(0 0.63 0.63)
(0 0.69 0.63)
(0 0.75 0.63)
(0 0.81 0.63)
(0 0.87 0.63)
(0 0.93 0.63)
(0 0.99 0.63)
(0 1.05 0.63)
(0 1.11 0.63)
(0 1.17 0.63)
(0 1.23 0.63)
(0 1.29 0.63)
(0 1.35 0.63)
(0 1.41 0.63)
(0 1.47 0.63)
(0 1.53 0.63)
(0 1.59 0.63)
(0 1.65 0.63)
(0 1.71 0.63)
(0 1.77 0.63)
(0 1.83 0.63)
(0 1.89 0.63)
(0 1.95 0.63)
(0 2.01 0.63)
(0 2.07 0.63)
(0 2.13 0.63)
(0 2.19 0.63)
(0 2.25 0.63)
(0 2.31 0.63)
(0 2.37 0.63)
(0 2.43 0.63)
(0 2.49 0.63)
(0 2.55 0.63)
(0 2.61 0.63)
(0 2.67 0.63)
(0 2.73 0.63)
(0 2.79 0.63)
(0 2.85 0.63)
(0 2.91 0.63)
(0 2.97 0.63)
(0 0.03 0.69)
(0 0.09 0.69)
(0 0.15 0.69)
(0 0.21 0.69)
(0 0.27 0.69)
(0 0.33 0.69)
(0 0.39 0.69)
(0 0.45 0.69)
(0 0.51 0.69)
(0 0.57 0.69)
(0 0.63 0.69)
(0 0.69 0.69)
(0 0.75 0.69)
(0 0.81 0.69)
(0 0.87 0.69)
(0 0.93 0.69)
(0 0.99 0.69)
(0 1.05 0.69)
(0 1.11 0.69)
(0 1.17 0.69)
(0 1.23 0.69)
(0 1.29 0.69)
(0 1.35 0.69)
(0 1.41 0.69)
(0 1.47 0.69)
(0 1.53 0.69)
(0 1.59 0.69)
(0 1.65 0.69)
(0 1.71 0.69)
(0 1.77 0.69)
(0 1.83 0.69)
(0 1.89 0.69)
(0 1.95 0.69)
(0 2.01 0.69)
(0 2.07 0.69)
(0 2.13 0.69)
(0 2.19 0.69)
(0 2.25 0.69)
(0 2.31 0.69)
(0 2.37 0.69)
(0 2.43 0.69)
(0 2.49 0.69)
(0 2.55 0.69)
(0 2.61 0.69)
(0 2.67 0.69)
(0 2.73 0.69)
(0 2.79 0.69)
(0 2.85 0.69)
(0 2.91 0.69)
(0 2.97 0.69)
(0 0.03 0.75)
(0 0.09 0.75)
(0 0.15 0.75)
(0 0.21 0.75)
(0 0.27 0.75)
(0 0.33 0.75)
(0 0.39 0.75)
(0 0.45 0.75)
(0 0.51 0.75)
(0 0.57 0.75)
(0 0.63 0.75)
(0 0.69 0.75)
(0 0.75 0.75)
(0 0.81 0.75)
(0 0.87 0.75)
(0 0.93 0.75)
(0 0.99 0.75)
(0 1.05 0.75)
(0 1.11 0.75)
(0 1.17 0.75)
(0 1.23 0.75)
(0 1.29 0.75)
(0 1.35 0.75)
(0 1.41 0.75)
(0 1.47 0.75)
(0 1.53 0.75)
(0 1.59 0.75)
(0 1.65 0.75)
(0 1.71 0.75)
(0 1.77 0.75)
(0 1.83 0.75)
(0 1.89 0.75)
(0 1.95 0.75)
(0 2.01 0.75)
(0 2.07 0.75)
(0 2.13 0.75)
(0 2.19 0.75)
(0 2.25 0.75)
(0 2.31 0.75)
(0 2.37 0.75)
(0 2.43 0.75)
(0 2.49 0.75)
(0 2.55 0.75)
(0 2.61 0.75)
(0 2.67 0.75)
(0 2.73 0.75)
(0 2.79 0.75)
(0 2.85 0.75)
(0 2.91 0.75)
(0 2.97 0.75)
(0 0.03 0.81)
(0 0.09 0.81)
(0 0.15 0.81)
(0 0.21 0.81)
(0 0.27 0.81)
(0 0.33 0.81)
(0 0.39 0.81)
(0 0.45 0.81)
(0 0.51 0.81)
(0 0.57 0.81)
(0 0.63 0.81)
(0 0.69 0.81)
(0 0.75 0.81)
(0 0.81 0.81)
(0 0.87 0.81)
(0 0.93 0.81)
(0 0.99 0.81)
(0 1.05 0.81)
(0 1.11 0.81)
(0 1.17 0.81)
(0 1.23 0.81)
(0 1.29 0.81)
(0 1.35 0.81)
(0 1.41 0.81)
(0 1.47 0.81)
(0 1.53 0.81)
(0 1.59 0.81)
(0 1.65 0.81)
(0 1.71 0.81)
(0 1.77 0.81)
(0 1.83 0.81)
(0 1.89 0.81)
(0 1.95 0.81)
(0 2.01 0.81)
(0 2.07 0.81)
(0 2.13 0.81)
(0 2.19 0.81)
(0 2.25 0.81)
(0 2.31 0.81)
(0 2.37 0.81)
(0 2.43 0.81)
(0 2.49 0.81)
(0 2.55 0.81)
(0 2.61 0.81)
(0 2.67 0.81)
(0 2.73 0.81)
(0 2.79 0.81)
(0 2.85 0.81)
(0 2.91 0.81)
(0 2.97 0.81)
(0 0.03 0.87)
(0 0.09 0.87)
(0 0.15 0.87)
(0 0.21 0.87)
(0 0.27 0.87)
(0 0.33 0.87)
(0 0.39 0.87)
(0 0.45 0.87)
(0 0.51 0.87)
(0 0.57 0.87)
(0 0.63 0.87)
(0 0.69 0.87)
(0 0.75 0.87)
(0 0.81 0.87)
(0 0.87 0.87)
(0 0.93 0.87)
(0 0.99 0.87)
(0 1.05 0.87)
(0 1.11 0.87)
(0 1.17 0.87)
(0 1.23 0.87)
(0 1.29 0.87)
(0 1.35 0.87)
(0 1.41 0.87)
(0 1.47 0.87)
(0 1.53 0.87)
(0 1.59 0.87)
(0 1.65 0.87)
(0 1.71 0.87)
(0 1.77 0.87)
(0 1.83 0.87)
(0 1.89 0.87)
(0 1.95 0.87)
(0 2.01 0.87)
(0 2.07 0.87)
(0 2.13 0.87)
(0 2.19 0.87)
(0 2.25 0.87)
(0 2.31 0.87)
(0 2.37 0.87)
(0 2.43 0.87)
(0 2.49 0.87)
(0 2.55 0.87)
(0 2.61 0.87)
(0 2.67 0.87)
(0 2.73 0.87)
(0 2.79 0.87)
(0 2.85 0.87)
(0 2.91 0.87)
(0 2.97 0.87)
(0 0.03 0.93)
(0 0.09 0.93)
(0 0.15 0.93)
(0 0.21 0.93)
(0 0.27 0.93)
(0 0.33 0.93)
(0 0.39 0.93)
(0 0.45 0.93)
(0 0.51 0.93)
(0 0.57 0.93)
(0 0.63 0.93)
(0 0.69 0.93)
(0 0.75 0.93)
(0 0.81 0.93)
(0 0.87 0.93)
(0 0.93 0.93)
(0 0.99 0.93)
(0 1.05 0.93)
(0 1.11 0.93)
(0 1.17 0.93)
(0 1.23 0.93)
(0 1.29 0.93)
(0 1.35 0.93)
(0 1.41 0.93)
(0 1.47 0.93)
(0 1.53 0.93)
(0 1.59 0.93)
(0 1.65 0.93)
(0 1.71 0.93)
(0 1.77 0.93)
(0 1.83 0.93)
(0 1.89 0.93)
(0 1.95 0.93)
(0 2.01 0.93)
(0 2.07 0.93)
(0 2.13 0.93)
(0 2.19 0.93)
(0 2.25 0.93)
(0 2.31 0.93)
(0 2.37 0.93)
(0 2.43 0.93)
(0 2.49 0.93)
(0 2.55 0.93)
(0 2.61 0.93)
(0 2.67 0.93)
(0 2.73 0.93)
(0 2.79 0.93)
(0 2.85 0.93)
(0 2.91 0.93)
(0 2.97 0.93)
(0 0.03 0.99)
(0 0.09 0.99)
(0 0.15 0.99)
(0 0.21 0.99)
(0 0.27 0.99)
(0 0.33 0.99)
(0 0.39 0.99)
(0 0.45 0.99)
(0 0.51 0.99)
(0 0.57 0.99)
(0 0.63 0.99)
(0 0.69 0.99)
(0 0.75 0.99)
(0 0.81 0.99)
(0 0.87 0.99)
(0 0.93 0.99)
(0 0.99 0.99)
(0 1.05 0.99)
(0 1.11 0.99)
(0 1.17 0.99)
(0 1.23 0.99)
(0 1.29 0.99)
(0 1.35 0.99)
(0 1.41 0.99)
(0 1.47 0.99)
(0 1.53 0.99)
(0 1.59 0.99)
(0 1.65 0.99)
(0 1.71 0.99)
(0 1.77 0.99)
(0 1.83 0.99)
(0 1.89 0.99)
(0 1.95 0.99)
(0 2.01 0.99)
(0 2.07 0.99)
(0 2.13 0.99)
(0 2.19 0.99)
(0 2.25 0.99)
(0 2.31 0.99)
(0 2.37 0.99)
(0 2.43 0.99)
(0 2.49 0.99)
(0 2.55 0.99)
(0 2.61 0.99)
(0 2.67 0.99)
(0 2.73 0.99)
(0 2.79 0.99)
(0 2.85 0.99)
(0 2.91 0.99)
(0 2.97 0.99)
(0 0.03 1.05)
(0 0.09 1.05)
(0 0.15 1.05)
(0 0.21 1.05)
(0 0.27 1.05)
(0 0.33 1.05)
(0 0.39 1.05)
(0 0.45 1.05)
(0 0.51 1.05)
(0 0.57 1.05)
(0 0.63 1.05)
(0 0.69 1.05)
(0 0.75 1.05)
(0 0.81 1.05)
(0 0.87 1.05)
(0 0.93 1.05)
(0 0.99 1.05)
(0 1.05 1.05)
(0 1.11 1.05)
(0 1.17 1.05)
(0 1.23 1.05)
(0 1.29 1.05)
(0 1.35 1.05)
(0 1.41 1.05)
(0 1.47 1.05)
(0 1.53 1.05)
(0 1.59 1.05)
(0 1.65 1.05)
(0 1.71 1.05)
(0 1.77 1.05)
(0 1.83 1.05)
(0 1.89 1.05)
(0 1.95 1.05)
(0 2.01 1.05)
(0 2.07 1.05)
(0 2.13 1.05)
(0 2.19 1.05)
(0 2.25 1.05)
(0 2.31 1.05)
(0 2.37 1.05)
(0 2.43 1.05)
(0 2.49 1.05)
(0 2.55 1.05)
(0 2.61 1.05)
(0 2.67 1.05)
(0 2.73 1.05)
(0 2.79 1.05)
(0 2.85 1.05)
(0 2.91 1.05)
(0 2.97 1.05)
(0 0.03 1.11)
(0 0.09 1.11)
(0 0.15 1.11)
(0 0.21 1.11)
(0 0.27 1.11)
(0 0.33 1.11)
(0 0.39 1.11)
(0 0.45 1.11)
(0 0.51 1.11)
(0 0.57 1.11)
(0 0.63 1.11)
(0 0.69 1.11)
(0 0.75 1.11)
(0 0.81 1.11)
(0 0.87 1.11)
(0 0.93 1.11)
(0 0.99 1.11)
(0 1.05 1.11)
(0 1.11 1.11)
(0 1.17 1.11)
(0 1.23 1.11)
(0 1.29 1.11)
(0 1.35 1.11)
(0 1.41 1.11)
(0 1.47 1.11)
(0 1.53 1.11)
(0 1.59 1.11)
(0 1.65 1.11)
(0 1.71 1.11)
(0 1.77 1.11)
(0 1.83 1.11)
(0 1.89 1.11)
(0 1.95 1.11)
(0 2.01 1.11)
(0 2.07 1.11)
(0 2.13 1.11)
(0 2.19 1.11)
(0 2.25 1.11)
(0 2.31 1.11)
(0 2.37 1.11)
(0 2.43 1.11)
(0 2.49 1.11)
(0 2.55 1.11)
(0 2.61 1.11)
(0 2.67 1.11)
(0 2.73 1.11)
(0 2.79 1.11)
(0 2.85 1.11)
(0 2.91 1.11)
(0 2.97 1.11)
(0 0.03 1.17)
(0 0.09 1.17)
(0 0.15 1.17)
(0 0.21 1.17)
(0 0.27 1.17)
(0 0.33 1.17)
(0 0.39 1.17)
(0 0.45 1.17)
(0 0.51 1.17)
(0 0.57 1.17)
(0 0.63 1.17)
(0 0.69 1.17)
(0 0.75 1.17)
(0 0.81 1.17)
(0 0.87 1.17)
(0 0.93 1.17)
(0 0.99 1.17)
(0 1.05 1.17)
(0 1.11 1.17)
(0 1.17 1.17)
(0 1.23 1.17)
(0 1.29 1.17)
(0 1.35 1.17)
(0 1.41 1.17)
(0 1.47 1.17)
(0 1.53 1.17)
(0 1.59 1.17)
(0 1.65 1.17)
(0 1.71 1.17)
(0 1.77 1.17)
(0 1.83 1.17)
(0 1.89 1.17)
(0 1.95 1.17)
(0 2.01 1.17)
(0 2.07 1.17)
(0 2.13 1.17)
(0 2.19 1.17)
(0 2.25 1.17)
(0 2.31 1.17)
(0 2.37 1.17)
(0 2.43 1.17)
(0 2.49 1.17)
(0 2.55 1.17)
(0 2.61 1.17)
(0 2.67 1.17)
(0 2.73 1.17)
(0 2.79 1.17)
(0 2.85 1.17)
(0 2.91 1.17)
(0 2.97 1.17)
(0 0.03 1.23)
(0 0.09 1.23)
(0 0.15 1.23)
(0 0.21 1.23)
(0 0.27 1.23)
(0 0.33 1.23)
(0 0.39 1.23)
(0 0.45 1.23)
(0 0.51 1.23)
(0 0.57 1.23)
(0 0.63 1.23)
(0 0.69 1.23)
(0 0.75 1.23)
(0 0.81 1.23)
(0 0.87 1.23)
(0 0.93 1.23)
(0 0.99 1.23)
(0 1.05 1.23)
(0 1.11 1.23)
(0 1.17 1.23)
(0 1.23 1.23)
(0 1.29 1.23)
(0 1.35 1.23)
(0 1.41 1.23)
(0 1.47 1.23)
(0 1.53 1.23)
(0 1.59 1.23)
(0 1.65 1.23)
(0 1.71 1.23)
(0 1.77 1.23)
(0 1.83 1.23)
(0 1.89 1.23)
(0 1.95 1.23)
(0 2.01 1.23)
(0 2.07 1.23)
(0 2.13 1.23)
(0 2.19 1.23)
(0 2.25 1.23)
(0 2.31 1.23)
(0 2.37 1.23)
(0 2.43 1.23)
(0 2.49 1.23)
(0 2.55 1.23)
(0 2.61 1.23)
(0 2.67 1.23)
(0 2.73 1.23)
(0 2.79 1.23)
(0 2.85 1.23)
(0 2.91 1.23)
(0 2.97 1.23)
(0 0.03 1.29)
(0 0.09 1.29)
(0 0.15 1.29)
(0 0.21 1.29)
(0 0.27 1.29)
(0 0.33 1.29)
(0 0.39 1.29)
(0 0.45 1.29)
(0 0.51 1.29)
(0 0.57 1.29)
(0 0.63 1.29)
(0 0.69 1.29)
(0 0.75 1.29)
(0 0.81 1.29)
(0 0.87 1.29)
(0 0.93 1.29)
(0 0.99 1.29)
(0 1.05 1.29)
(0 1.11 1.29)
(0 1.17 1.29)
(0 1.23 1.29)
(0 1.29 1.29)
(0 1.35 1.29)
(0 1.41 1.29)
(0 1.47 1.29)
(0 1.53 1.29)
(0 1.59 1.29)
(0 1.65 1.29)
(0 1.71 1.29)
(0 1.77 1.29)
(0 1.83 1.29)
(0 1.89 1.29)
(0 1.95 1.29)
(0 2.01 1.29)
(0 2.07 1.29)
(0 2.13 1.29)
(0 2.19 1.29)
(0 2.25 1.29)
(0 2.31 1.29)
(0 2.37 1.29)
(0 2.43 1.29)
(0 2.49 1.29)
(0 2.55 1.29)
(0 2.61 1.29)
(0 2.67 1.29)
(0 2.73 1.29)
(0 2.79 1.29)
(0 2.85 1.29)
(0 2.91 1.29)
(0 2.97 1.29)
(0 0.03 1.35)
(0 0.09 1.35)
(0 0.15 1.35)
(0 0.21 1.35)
(0 0.27 1.35)
(0 0.33 1.35)
(0 0.39 1.35)
(0 0.45 1.35)
(0 0.51 1.35)
(0 0.57 1.35)
(0 0.63 1.35)
(0 0.69 1.35)
(0 0.75 1.35)
(0 0.81 1.35)
(0 0.87 1.35)
(0 0.93 1.35)
(0 0.99 1.35)
(0 1.05 1.35)
(0 1.11 1.35)
(0 1.17 1.35)
(0 1.23 1.35)
(0 1.29 1.35)
(0 1.35 1.35)
(0 1.41 1.35)
(0 1.47 1.35)
(0 1.53 1.35)
(0 1.59 1.35)
(0 1.65 1.35)
(0 1.71 1.35)
(0 1.77 1.35)
(0 1.83 1.35)
(0 1.89 1.35)
(0 1.95 1.35)
(0 2.01 1.35)
(0 2.07 1.35)
(0 2.13 1.35)
(0 2.19 1.35)
(0 2.25 1.35)
(0 2.31 1.35)
(0 2.37 1.35)
(0 2.43 1.35)
(0 2.49 1.35)
(0 2.55 1.35)
(0 2.61 1.35)
(0 2.67 1.35)
(0 2.73 1.35)
(0 2.79 1.35)
(0 2.85 1.35)
(0 2.91 1.35)
(0 2.97 1.35)
(0 0.03 1.41)
(0 0.09 1.41)
(0 0.15 1.41)
(0 0.21 1.41)
(0 0.27 1.41)
(0 0.33 1.41)
(0 0.39 1.41)
(0 0.45 1.41)
(0 0.51 1.41)
(0 0.57 1.41)
(0 0.63 1.41)
(0 0.69 1.41)
(0 0.75 1.41)
(0 0.81 1.41)
(0 0.87 1.41)
(0 0.93 1.41)
(0 0.99 1.41)
(0 1.05 1.41)
(0 1.11 1.41)
(0 1.17 1.41)
(0 1.23 1.41)
(0 1.29 1.41)
(0 1.35 1.41)
(0 1.41 1.41)
(0 1.47 1.41)
(0 1.53 1.41)
(0 1.59 1.41)
(0 1.65 1.41)
(0 1.71 1.41)
(0 1.77 1.41)
(0 1.83 1.41)
(0 1.89 1.41)
(0 1.95 1.41)
(0 2.01 1.41)
(0 2.07 1.41)
(0 2.13 1.41)
(0 2.19 1.41)
(0 2.25 1.41)
(0 2.31 1.41)
(0 2.37 1.41)
(0 2.43 1.41)
(0 2.49 1.41)
(0 2.55 1.41)
(0 2.61 1.41)
(0 2.67 1.41)
(0 2.73 1.41)
(0 2.79 1.41)
(0 2.85 1.41)
(0 2.91 1.41)
(0 2.97 1.41)
(0 0.03 1.47)
(0 0.09 1.47)
(0 0.15 1.47)
(0 0.21 1.47)
(0 0.27 1.47)
(0 0.33 1.47)
(0 0.39 1.47)
(0 0.45 1.47)
(0 0.51 1.47)
(0 0.57 1.47)
(0 0.63 1.47)
(0 0.69 1.47)
(0 0.75 1.47)
(0 0.81 1.47)
(0 0.87 1.47)
(0 0.93 1.47)
(0 0.99 1.47)
(0 1.05 1.47)
(0 1.11 1.47)
(0 1.17 1.47)
(0 1.23 1.47)
(0 1.29 1.47)
(0 1.35 1.47)
(0 1.41 1.47)
(0 1.47 1.47)
(0 1.53 1.47)
(0 1.59 1.47)
(0 1.65 1.47)
(0 1.71 1.47)
(0 1.77 1.47)
(0 1.83 1.47)
(0 1.89 1.47)
(0 1.95 1.47)
(0 2.01 1.47)
(0 2.07 1.47)
(0 2.13 1.47)
(0 2.19 1.47)
(0 2.25 1.47)
(0 2.31 1.47)
(0 2.37 1.47)
(0 2.43 1.47)
(0 2.49 1.47)
(0 2.55 1.47)
(0 2.61 1.47)
(0 2.67 1.47)
(0 2.73 1.47)
(0 2.79 1.47)
(0 2.85 1.47)
(0 2.91 1.47)
(0 2.97 1.47)
)
