0.004939	8.508891	0.197640	0.159284	0.098553	0.701335	0.410374	0.015156
0.017502	8.662375	0.190517	0.153544	0.095001	0.725088	0.405303	0.028156
0.030065	9.046421	0.175054	0.141081	0.087290	0.747991	0.400381	0.040733
0.042627	9.406131	0.167252	0.134717	0.083395	0.770054	0.395607	0.052891
0.055190	9.742734	0.165719	0.132132	0.082532	0.791290	0.390978	0.064637
0.067753	10.057414	0.163405	0.126983	0.081139	0.811711	0.386492	0.075977
0.080316	10.351318	0.153981	0.116454	0.076227	0.831327	0.382148	0.086918
0.092879	10.625552	0.150991	0.111213	0.074577	0.850150	0.377943	0.097465
0.105442	10.881183	0.150440	0.109161	0.074647	0.868193	0.373874	0.107625
0.118004	11.119241	0.146507	0.106888	0.073896	0.885465	0.369941	0.117404
0.130567	11.340719	0.138728	0.101789	0.071164	0.901980	0.366140	0.126808
0.143130	11.546570	0.136152	0.100437	0.071030	0.917749	0.362470	0.135843
0.155693	11.737714	0.140317	0.103681	0.074131	0.932783	0.358929	0.144515
0.168256	11.915035	0.137824	0.101360	0.073258	0.947094	0.355514	0.152832
0.180818	12.079381	0.134776	0.098673	0.072097	0.960693	0.352224	0.160798
0.193381	12.231567	0.129974	0.094832	0.070023	0.973593	0.349057	0.168419
0.205944	12.372373	0.125906	0.091749	0.068438	0.985804	0.346009	0.175703
0.218507	12.502549	0.124466	0.091380	0.068599	0.997338	0.343080	0.182656
0.231070	12.622809	0.123105	0.091030	0.068794	1.008207	0.340267	0.189282
0.243632	12.733838	0.122061	0.090761	0.069133	1.018422	0.337568	0.195590
0.256195	12.836291	0.120923	0.090227	0.069330	1.027996	0.334982	0.201584
0.268758	12.930790	0.119335	0.088442	0.068866	1.036939	0.332505	0.207271
0.281321	13.017929	0.117747	0.086658	0.068401	1.045263	0.330136	0.212657
0.293884	13.098273	0.116160	0.084873	0.067936	1.052980	0.327872	0.217749
0.306447	13.172360	0.114790	0.083295	0.067548	1.060102	0.325713	0.222552
0.319009	13.240698	0.114870	0.083086	0.067670	1.066639	0.323655	0.227073
0.331572	13.303770	0.114949	0.082877	0.067791	1.072604	0.321696	0.231318
0.344135	13.362032	0.115028	0.082668	0.067913	1.078008	0.319835	0.235292
0.356698	13.415914	0.115015	0.082390	0.068023	1.082862	0.318070	0.239003
0.369261	13.465824	0.114046	0.081380	0.068019	1.087179	0.316397	0.242456
0.381823	13.512141	0.113076	0.080371	0.068016	1.090970	0.314816	0.245658
0.394386	13.555223	0.112107	0.079361	0.068012	1.094246	0.313324	0.248615
0.406949	13.595407	0.111130	0.078385	0.068002	1.097020	0.311918	0.251332
0.419512	13.633005	0.109998	0.078127	0.067869	1.099302	0.310598	0.253816
0.432075	13.668307	0.108865	0.077869	0.067736	1.101104	0.309361	0.256074
0.444637	13.701585	0.107733	0.077612	0.067603	1.102438	0.308204	0.258111
0.457200	13.733087	0.106600	0.077354	0.067469	1.103316	0.307126	0.259934
0.469763	13.763046	0.105401	0.076212	0.066947	1.103748	0.306125	0.261548
0.482326	13.791672	0.104201	0.075071	0.066425	1.103747	0.305198	0.262961
0.494889	13.819158	0.103002	0.073929	0.065903	1.103324	0.304344	0.264177
0.507452	13.845680	0.101802	0.072787	0.065381	1.102491	0.303560	0.265204
0.520014	13.871397	0.101343	0.073503	0.065238	1.101260	0.302844	0.266047
0.532577	13.896451	0.100918	0.074304	0.065113	1.099641	0.302195	0.266713
0.545140	13.920969	0.100779	0.074798	0.065243	1.097647	0.301609	0.267208
0.557703	13.945062	0.100660	0.075270	0.065389	1.095289	0.301086	0.267538
0.570266	13.968829	0.099558	0.074205	0.065000	1.092579	0.300622	0.267708
0.582828	13.992353	0.098361	0.072992	0.064559	1.089528	0.300217	0.267727
0.595391	14.015704	0.097164	0.071779	0.064118	1.086148	0.299867	0.267598
0.607954	14.038943	0.095967	0.070567	0.063676	1.082450	0.299571	0.267330
0.620517	14.062114	0.096223	0.070798	0.064182	1.078447	0.299326	0.266927
0.633080	14.085256	0.096697	0.071248	0.064830	1.074149	0.299131	0.266396
0.645643	14.108392	0.097172	0.071697	0.065478	1.069568	0.298984	0.265743
0.658205	14.131539	0.097647	0.072146	0.066127	1.064716	0.298882	0.264975
0.670768	14.154705	0.098122	0.072596	0.066775	1.059605	0.298823	0.264097
0.683331	14.177887	0.098597	0.073045	0.067423	1.054246	0.298805	0.263116
0.695894	14.201076	0.099071	0.073494	0.068071	1.048650	0.298826	0.262038
0.708457	14.224257	0.099546	0.073943	0.068720	1.042830	0.298885	0.260869
0.721019	14.247407	0.098792	0.074271	0.068982	1.036796	0.298978	0.259616
0.733582	14.270498	0.097694	0.074564	0.069136	1.030560	0.299104	0.258283
0.746145	14.293497	0.096596	0.074857	0.069290	1.024135	0.299261	0.256878
0.758708	14.316367	0.095498	0.075150	0.069444	1.017531	0.299447	0.255407
0.771271	14.339065	0.094400	0.075443	0.069599	1.010760	0.299659	0.253876
0.783833	14.361548	0.093302	0.075737	0.069753	1.003834	0.299896	0.252291
0.796396	14.383770	0.092204	0.076030	0.069907	0.996765	0.300156	0.250659
0.808959	14.405681	0.091106	0.076323	0.070061	0.989563	0.300435	0.248984
0.821522	14.427233	0.090668	0.076314	0.070094	0.982240	0.300733	0.247275
0.834085	14.448376	0.090522	0.076171	0.070074	0.974809	0.301047	0.245536
0.846648	14.469060	0.090375	0.076029	0.070054	0.967281	0.301376	0.243774
0.859210	14.489237	0.090229	0.075886	0.070034	0.959666	0.301716	0.241996
0.871773	14.508859	0.090082	0.075744	0.070013	0.951978	0.302066	0.240206
0.884336	14.527882	0.089936	0.075601	0.069993	0.944227	0.302425	0.238412
0.896899	14.546264	0.089789	0.075459	0.069973	0.936425	0.302788	0.236620
0.909462	14.563968	0.089642	0.075316	0.069953	0.928583	0.303156	0.234836
0.922024	14.580958	0.089496	0.075174	0.069933	0.922432	0.303642	0.239754
0.934587	14.597205	0.089910	0.075644	0.070523	0.916302	0.303644	0.239039
0.947150	14.612687	0.088423	0.074607	0.069729	0.910172	0.303646	0.238325
0.959713	14.627385	0.088633	0.075008	0.070284	0.904043	0.303648	0.237610
0.972276	14.641287	0.088162	0.074826	0.070290	0.897913	0.303651	0.236896
0.984838	14.654385	0.087904	0.074833	0.070478	0.891783	0.303653	0.236181
0.997401	14.666677	0.089381	0.076282	0.072025	0.885653	0.303655	0.235467
1.009964	14.678164	0.089826	0.076722	0.072617	0.879523	0.303657	0.234752
1.022527	14.688853	0.087705	0.074879	0.071041	0.873394	0.303659	0.234038
1.035090	14.698755	0.084945	0.072493	0.068945	0.867264	0.303662	0.233324
1.047653	14.707884	0.085006	0.072514	0.069136	0.861134	0.303664	0.232609
1.060215	14.716258	0.085684	0.073061	0.069828	0.855004	0.303666	0.231895
1.072778	14.723897	0.085322	0.072722	0.069677	0.848874	0.303668	0.231180
1.085341	14.730826	0.085075	0.072479	0.069620	0.842745	0.303670	0.230466
1.097904	14.737071	0.084987	0.072441	0.069658	0.836615	0.303672	0.229751
1.110467	14.742662	0.085091	0.072649	0.069813	0.830485	0.303675	0.229037
1.123029	14.747630	0.085317	0.072992	0.070053	0.824355	0.303677	0.228322
1.135592	14.752009	0.085703	0.073512	0.070406	0.818225	0.303679	0.227608
1.148155	14.755833	0.084513	0.072675	0.069463	0.812096	0.303681	0.226894
1.160718	14.759138	0.081061	0.069887	0.066660	0.805966	0.303683	0.226179
1.173281	14.761964	0.078638	0.068008	0.064751	0.799836	0.303686	0.225465
1.185844	14.764347	0.077834	0.067560	0.064250	0.793706	0.303688	0.224750
1.198406	14.766326	0.077030	0.067111	0.063748	0.787576	0.303690	0.224036
1.210969	14.767942	0.076227	0.066663	0.063246	0.781447	0.303692	0.223321
1.223532	14.769232	0.076149	0.066903	0.063433	0.775317	0.303694	0.222607
1.236095	14.770237	0.077453	0.068453	0.064927	0.769187	0.303696	0.221893
1.248658	14.770995	0.078756	0.070002	0.066422	0.763057	0.303699	0.221178
1.261220	14.771544	0.080059	0.071552	0.067916	0.756927	0.303701	0.220464
1.273783	14.771920	0.081062	0.072802	0.069127	0.750798	0.303703	0.219749
1.286346	14.772159	0.081366	0.073359	0.069680	0.744668	0.303705	0.219035
1.298909	14.772296	0.081670	0.073916	0.070233	0.738538	0.303707	0.218320
1.311472	14.772361	0.081974	0.074473	0.070786	0.732408	0.303710	0.217606
1.324034	14.772386	0.081945	0.074671	0.070998	0.726278	0.303712	0.216891
1.336597	14.772397	0.080956	0.073835	0.070223	0.720149	0.303714	0.216177
1.349160	14.772420	0.079967	0.072999	0.069449	0.714019	0.303716	0.215463
1.361723	14.772478	0.078978	0.072163	0.068675	0.707889	0.303718	0.214748
1.374286	14.772588	0.078187	0.071501	0.068064	0.701759	0.303721	0.214034
1.386849	14.772767	0.078125	0.071481	0.068057	0.695629	0.303723	0.213319
1.399411	14.773026	0.078063	0.071462	0.068050	0.689500	0.303725	0.212605
1.411974	14.773373	0.078001	0.071442	0.068043	0.683370	0.303727	0.211890
1.424537	14.773812	0.077786	0.071275	0.067893	0.677240	0.303729	0.211176
1.437100	14.774342	0.076821	0.070391	0.067051	0.671110	0.303731	0.210462
1.449663	14.774957	0.076215	0.069835	0.066522	0.664980	0.303734	0.209747
1.462225	14.775647	0.077664	0.071163	0.067787	0.658851	0.303736	0.209033
1.474788	14.776396	0.078960	0.072350	0.068918	0.652721	0.303738	0.208318
1.487351	14.777181	0.079195	0.072566	0.069123	0.646591	0.303740	0.207604
1.499914	14.777975	0.079430	0.072781	0.069328	0.640461	0.303742	0.206889
1.512477	14.778746	0.079665	0.072996	0.069533	0.634331	0.303745	0.206175
1.525040	14.779452	0.079843	0.073160	0.069689	0.628202	0.303747	0.205460
1.537602	14.780047	0.079395	0.072750	0.069298	0.622072	0.303749	0.204746
1.550165	14.780479	0.078948	0.072339	0.068907	0.615942	0.303751	0.204032
1.562728	14.780685	0.078500	0.071929	0.068517	0.609812	0.303753	0.203317
1.575291	14.780598	0.078053	0.071519	0.068126	0.603682	0.303755	0.202603
1.587854	14.780142	0.077605	0.071109	0.067735	0.597553	0.303758	0.201888
1.600416	14.779233	0.077157	0.070699	0.067345	0.591423	0.303760	0.201174
1.612979	14.777779	0.076710	0.070289	0.066954	0.585293	0.303762	0.200459
1.625542	14.775679	0.076262	0.069879	0.066563	0.579163	0.303764	0.199745
1.638105	14.772824	0.076602	0.070190	0.066860	0.573033	0.303766	0.199030
1.650668	14.769094	0.076946	0.070505	0.067160	0.566903	0.303769	0.198316
1.663230	14.764364	0.077290	0.070820	0.067460	0.560774	0.303771	0.197602
1.675793	14.758494	0.077633	0.071135	0.067760	0.554644	0.303773	0.196887
1.688356	14.751337	0.077977	0.071450	0.068060	0.548514	0.303775	0.196173
1.700919	14.742736	0.078321	0.071765	0.068360	0.542384	0.303777	0.195458
1.713482	14.732524	0.078665	0.072080	0.068660	0.536254	0.303780	0.194744
1.726045	14.720521	0.079008	0.072395	0.068960	0.530125	0.303782	0.194029
1.738607	14.706538	0.079668	0.072999	0.069536	0.523995	0.303784	0.193315
1.751170	14.690374	0.080359	0.073633	0.070139	0.517865	0.303786	0.192601
1.763733	14.671817	0.081050	0.074266	0.070743	0.511735	0.303788	0.191886
1.776296	14.650644	0.081742	0.074900	0.071346	0.505605	0.303790	0.191172
1.788859	14.626618	0.082433	0.075533	0.071949	0.499476	0.303793	0.190457
1.801421	14.599491	0.083124	0.076167	0.072553	0.493346	0.303795	0.189743
1.813984	14.569002	0.083816	0.076800	0.073156	0.487216	0.303797	0.189028
1.826547	14.534878	0.084507	0.077433	0.073760	0.481086	0.303799	0.188314
1.839110	14.496831	0.085198	0.078067	0.074363	0.474956	0.303801	0.187599
1.851673	14.489124	0.085330	0.078187	0.074478	0.468827	0.303804	0.186885
1.864235	14.489124	0.085330	0.078187	0.074478	0.462697	0.303806	0.186171
1.876798	14.489124	0.085330	0.078187	0.074478	0.456567	0.303808	0.185456
1.889361	14.489124	0.085330	0.078187	0.074478	0.450437	0.303810	0.184742
1.901924	14.489124	0.085330	0.078187	0.074478	0.444307	0.303812	0.184027
1.914487	14.489124	0.085330	0.078187	0.074478	0.438178	0.303814	0.183313
1.927050	14.489124	0.085330	0.078187	0.074478	0.432048	0.303817	0.182598
1.939612	14.489124	0.085330	0.078187	0.074478	0.425918	0.303819	0.181884
1.952175	14.489124	0.085330	0.078187	0.074478	0.419788	0.303821	0.181169
1.964738	14.489124	0.085330	0.078187	0.074478	0.413658	0.303823	0.180455
1.977301	14.489124	0.085330	0.078187	0.074478	0.407529	0.303825	0.179741
1.989864	14.489124	0.085330	0.078187	0.074478	0.401399	0.303828	0.179026
2.002426	14.489124	0.085330	0.078187	0.074478	0.395269	0.303830	0.178312
2.014989	14.489124	0.085330	0.078187	0.074478	0.389139	0.303832	0.177597
2.027552	14.489124	0.085330	0.078187	0.074478	0.383009	0.303834	0.176883
2.040115	14.489124	0.085330	0.078187	0.074478	0.376880	0.303836	0.176168
2.052678	14.489124	0.085330	0.078187	0.074478	0.370750	0.303838	0.175454
2.065241	14.489124	0.085330	0.078187	0.074478	0.364620	0.303841	0.174740
2.077803	14.489124	0.085330	0.078187	0.074478	0.358490	0.303843	0.174025
2.090366	14.489124	0.085330	0.078187	0.074478	0.352360	0.303845	0.173311
2.102929	14.489124	0.085330	0.078187	0.074478	0.346231	0.303847	0.172596
2.115492	14.489124	0.085330	0.078187	0.074478	0.340101	0.303849	0.171882
2.128055	14.489124	0.085330	0.078187	0.074478	0.333971	0.303852	0.171167
2.140617	14.489124	0.085330	0.078187	0.074478	0.327841	0.303854	0.170453
2.153180	14.489124	0.085330	0.078187	0.074478	0.321711	0.303856	0.169738
2.165743	14.489124	0.085330	0.078187	0.074478	0.315582	0.303858	0.169024
2.178306	14.489124	0.085330	0.078187	0.074478	0.309452	0.303860	0.168310
2.190869	14.489124	0.085330	0.078187	0.074478	0.303322	0.303863	0.167595
2.203431	14.489124	0.085330	0.078187	0.074478	0.297192	0.303865	0.166881
2.215994	14.489124	0.085330	0.078187	0.074478	0.291062	0.303867	0.166166
2.228557	14.489124	0.085330	0.078187	0.074478	0.284933	0.303869	0.165452
2.241120	14.489124	0.085330	0.078187	0.074478	0.278803	0.303871	0.164737
2.253683	14.489124	0.085330	0.078187	0.074478	0.272673	0.303873	0.164023
2.266246	14.489124	0.085330	0.078187	0.074478	0.266543	0.303876	0.163308
2.278808	14.489124	0.085330	0.078187	0.074478	0.260413	0.303878	0.162594
2.291371	14.489124	0.085330	0.078187	0.074478	0.254284	0.303880	0.161880
2.303934	14.489124	0.085330	0.078187	0.074478	0.248154	0.303882	0.161165
2.316497	14.489124	0.085330	0.078187	0.074478	0.242024	0.303884	0.160451
2.329060	14.489124	0.085330	0.078187	0.074478	0.235894	0.303887	0.159736
2.341622	14.489124	0.085330	0.078187	0.074478	0.229764	0.303889	0.159022
2.354185	14.489124	0.085330	0.078187	0.074478	0.223635	0.303891	0.158307
2.366748	14.489124	0.085330	0.078187	0.074478	0.217505	0.303893	0.157593
2.379311	14.489124	0.085330	0.078187	0.074478	0.211375	0.303895	0.156879
2.391874	14.489124	0.085330	0.078187	0.074478	0.205245	0.303897	0.156164
2.404436	14.489124	0.085330	0.078187	0.074478	0.199115	0.303900	0.155450
2.416999	14.489124	0.085330	0.078187	0.074478	0.192986	0.303902	0.154735
2.429562	14.489124	0.085330	0.078187	0.074478	0.186856	0.303904	0.154021
2.442125	14.489124	0.085330	0.078187	0.074478	0.180726	0.303906	0.153306
2.454688	14.489124	0.085330	0.078187	0.074478	0.174596	0.303908	0.152592
2.467251	14.489124	0.085330	0.078187	0.074478	0.168466	0.303911	0.151877
2.479813	14.489124	0.085330	0.078187	0.074478	0.162337	0.303913	0.151163
2.492376	14.489124	0.085330	0.078187	0.074478	0.156207	0.303915	0.150449
2.504939	14.489124	0.085330	0.078187	0.074478	0.150077	0.303917	0.149734
