50
(
(0.000000 0.000000 0.025000)
(0.000000 0.000000 0.075510)
(0.000000 0.000000 0.126020)
(0.000000 0.000000 0.176531)
(0.000000 0.000000 0.227041)
(0.000000 0.000000 0.277551)
(0.000000 0.000000 0.328061)
(0.000000 0.000000 0.378571)
(0.000000 0.000000 0.429082)
(0.000000 0.000000 0.479592)
(0.000000 0.000000 0.530102)
(0.000000 0.000000 0.580612)
(0.000000 0.000000 0.631122)
(0.000000 0.000000 0.681633)
(0.000000 0.000000 0.732143)
(0.000000 0.000000 0.782653)
(0.000000 0.000000 0.833163)
(0.000000 0.000000 0.883673)
(0.000000 0.000000 0.934184)
(0.000000 0.000000 0.984694)
(0.000000 0.000000 1.035204)
(0.000000 0.000000 1.085714)
(0.000000 0.000000 1.136224)
(0.000000 0.000000 1.186735)
(0.000000 0.000000 1.237245)
(0.000000 0.000000 1.287755)
(0.000000 0.000000 1.338265)
(0.000000 0.000000 1.388776)
(0.000000 0.000000 1.439286)
(0.000000 0.000000 1.489796)
(0.000000 0.000000 1.540306)
(0.000000 0.000000 1.590816)
(0.000000 0.000000 1.641327)
(0.000000 0.000000 1.691837)
(0.000000 0.000000 1.742347)
(0.000000 0.000000 1.792857)
(0.000000 0.000000 1.843367)
(0.000000 0.000000 1.893878)
(0.000000 0.000000 1.944388)
(0.000000 0.000000 1.994898)
(0.000000 0.000000 2.045408)
(0.000000 0.000000 2.095918)
(0.000000 0.000000 2.146429)
(0.000000 0.000000 2.196939)
(0.000000 0.000000 2.247449)
(0.000000 0.000000 2.297959)
(0.000000 0.000000 2.348469)
(0.000000 0.000000 2.398980)
(0.000000 0.000000 2.449490)
(0.000000 0.000000 2.500000)
);
